1, Bún đậu mắm tôm, 2, 2, 0, 4320, 1
2, Karaoke, 3, 4, 0, 1440, 1
3, Nước mía, 4, 3, 0, 10080, 1
4, Bánh canh ruộng, 3, 2, 0, 2880, 1
5, Bar, 4, 4, 0, 20160, 1
6, Rạp phim, 2, 1, 0, 30, 1
7, Bảo tàng, 2, 1, 0, 45, 1
8, Ốc, 4, 2, 0, 180, 1
9, Gelato, 3, 3, 0, 300, 1
10, Bingsu, 3, 3, 0, 25, 1
11, Sinh tố, 4, 3, 0, 2, 1
12, Chè, 2, 3, 0, 60, 1
13, Súp cua, 1, 2, 0, 10, 1
14, Trà sữa, 2, 3, 0, 5760, 1
15, Trà sữa pha máy, 3, 3, 0, 660, 1
16, Trà sữa ủ lạnh, 2, 3, 0, 600, 1
17, Bida, 4, 1, 0, 10080, 1
18, Bún chả cá, 3, 2, 0, 120, 1
19, Quán net, 3, 1, 0, 1440, 1
20, Ẩm thực Thái Lan, 1, 2, 0, 60, 1
21, Spa, 2, 1, 0, 4320, 1
22, Kem bơ, 1, 3, 0, 240, 1
23, Cơm gà, 3, 2, 0, 15, 1
24, Pizza, 2, 2, 0, 540, 1
25, Bánh tráng nướng, 4, 2, 0, 30, 1
26, Thức uống detox, 3, 3, 0, 50, 1
27, Đồ chay, 3, 2, 0, 60, 1
28, Bún bò, 3, 2, 0, 240, 1
29, Hải sản tươi sống, 4, 2, 0, 35, 1
30, Nước ép trái cây, 2, 3, 0, 360, 1
31, Chân gà nướng, 1, 2, 0, 120, 1